0 0.18890500992063491 0.49889715608465607 0.14467509920634922 0.4640641534391534
0 0.3732638888888889 0.4954811507936508 0.15625 0.4750892857142857
0 0.5472061011904762 0.4916220238095238 0.15046378968253968 0.47398478835978836
0 0.7242894345238096 0.4861111111111111 0.15046378968253968 0.47619047619047616
0 0.910218253968254 0.4763012566137566 0.1736111111111111 0.5114649470899472
0 0.18890500992063491 0.49889715608465607 0.14467509920634922 0.4640641534391534
0 0.3732638888888889 0.4954811507936508 0.15625 0.4750892857142857
0 0.5472061011904762 0.4916220238095238 0.15046378968253968 0.47398478835978836
0 0.7242894345238096 0.4861111111111111 0.15046378968253968 0.47619047619047616
0 0.910218253968254 0.4763012566137566 0.1736111111111111 0.5114649470899472
