0 0.3966881613756614 0.2580220734126984 0.13596891534391534 0.06515128968253968
0 0.5238277116402117 0.28363963293650796 0.11114748677248677 0.062318948412698416
0 0.3939897486772487 0.4051810515873016 0.11006944444444446 0.14567956349206349
0 0.4985036375661375 0.4111073908730159 0.09819775132275133 0.13273065476190476
0 0.4096792328042328 0.5470721726190476 0.11168650793650794 0.1432514880952381
0 0.5115575396825397 0.5413355654761904 0.09388227513227512 0.1347544642857143
0 0.4212367724867725 0.6830890376984128 0.10305555555555555 0.14891617063492063
0 0.5216517857142857 0.6669816468253968 0.09819775132275133 0.14001488095238093
0 0.27801421957671957 0.3905481150793651 0.06528769841269841 0.14567956349206349
0 0.21513062169312172 0.4025706845238095 0.05989087301587302 0.12706597222222224
0 0.27501984126984125 0.5251426091269841 0.05665343915343915 0.13758680555555555
0 0.2278703703703704 0.524561011904762 0.0437037037037037 0.11856646825396826
0 0.27838789682539683 0.6545610119047619 0.05611441798941799 0.13799107142857142
0 0.22871527777777778 0.6416753472222223 0.04208664021164021 0.1330530753968254
0 0.3966881613756614 0.2580220734126984 0.13596891534391534 0.06515128968253968
0 0.5238277116402117 0.28363963293650796 0.11114748677248677 0.062318948412698416
0 0.3939897486772487 0.4051810515873016 0.11006944444444446 0.14567956349206349
0 0.4985036375661375 0.4111073908730159 0.09819775132275133 0.13273065476190476
0 0.4096792328042328 0.5470721726190476 0.11168650793650794 0.1432514880952381
0 0.5115575396825397 0.5413355654761904 0.09388227513227512 0.1347544642857143
0 0.4212367724867725 0.6830890376984128 0.10305555555555555 0.14891617063492063
0 0.5216517857142857 0.6669816468253968 0.09819775132275133 0.14001488095238093
0 0.27801421957671957 0.3905481150793651 0.06528769841269841 0.14567956349206349
0 0.21513062169312172 0.4025706845238095 0.05989087301587302 0.12706597222222224
0 0.27501984126984125 0.5251426091269841 0.05665343915343915 0.13758680555555555
0 0.2278703703703704 0.524561011904762 0.0437037037037037 0.11856646825396826
0 0.27838789682539683 0.6545610119047619 0.05611441798941799 0.13799107142857142
0 0.22871527777777778 0.6416753472222223 0.04208664021164021 0.1330530753968254
